120 milium
ι 404404 47 812, 66, militum 460
,afflatum 443 81404 44, 4644
ΖΑἈΧΠΜΙ 4411004100, V 668, 14

'rm 74 16,,

Ι’,44444441 (7414414 11 27, 46, 268, 24,
404,40,,44444,44464, u» ,4440841
442, 44 14441001111868, 67 1010416404
(10110411. 4144041114 0001444444) ἦ 4440440144
427 48 opem, adiutorium lv 612, 62
4444144 4814444ωο7268, 8867, 44414414
,4440416114 7 264, 67. V 441 4041110444

44441148 v. 441144

4444444444 4 Ausonium

44440 8474440, 44 286, 24

44444144 φιλο, 00416418, 18, 471, 24,
111446,1,1444144441411266,22 44140·
441144 11 444, 27,

4044114441 pne 40 40417 8808,

488888 4041010000 ος 11 26, 403 471,
26, 111 162, 16, 666, 64, 686, 10, 840,
20, 4119, 77, 464, 82 61141 natue 14 266,
21, 111179 86,041410,0000,ἄ4414)4401
11 4, 68. 14101404, φιλάργυρος 111 261,
67. 0444060 111 672, 67, 886, 66 (84414-
99 4417112). 18487411 21814
018888804101000004, 6410440011 6, 24

488 ,0104 Π 474, 64, Π] 698,14,
467, 18. ,410044112641 1148000104
II 49, 26, salutatio IV 84, 943 626, 10,
7107, 14, 297, 1, 299, 48, Cf. 11170,
611- 667 ,6), 611), 67, 68, 626, 28, 624, 20,
21. 48816 ,010414 11170, 444: 867, 6)

8000104040044440447127, 14(= V'erq.
Aeu. 1144)

4004104100 0046440004.

4110110 (1400004600 (abeo 0041.) Π 266,
60 4440141404,404404 44724, 21 604414 (417)
V 246, 64 40000000041414(001 44400004-
40414146 4447.) 7441, 21. 4001141400οω
410044 176111, 60 (Ver Au. 868, 864)
48041440001004160411 00144 0444014 41728,
74. 4004040000044040041 488 60 (Ver.
4444 111741ρ40040481 0400610000 (IVg
440, 44· 7400, uu (740. Aen. 71444)

1004144040( 0 em'm pro b constanter
sere 444101 ,4441440444 004411οα04) 144440-
460004 II 861188, 111 428, 18 (81)..
400444004440441018.) 7 848, 18. 400-
18118 14440400000 l 621, 27 ποντι-
460 II 6461. 14440400440014444040104-
000111 264, 24 (undu) ontieu 111 672,
49 0104441140) pontice 111 664, 99 nux
minor 111 687, 2. nucia (4) minor 111 807,
24 (4400110440), 818, 84 (ntem). 8111114441

640101ἳιη48.) 7 888, 48. 40044444 144440-

4010οα 11186, 14, 192, 6, 668, 68. Cf.
111⁰ 687, 19 (4411011414) 8061188140 144440-
4410444111 88, 140111) 268,18,616,16
(014), 472 ,41, 408, 87 (0611144404). (s.
44144840 ,11044141 numeru 440004 pristinae

4484141

4 4 ι. anoetime) 80441 V 682,16,
nmmum 0114441 1787, 24
114 4001140044, 4440114444 a 40011404,
4081444440 8108644444. De 4601114440 es.
914. mn 107, 6

uelle bum 11 280, 47. uonna
6446 τινος (1448οᾒος II 404, 66. 8181111
84404ιᾷ, Imma) Π 26, 2. it [V
26, 26 40111117 202, 26 1044411411,
0414461410044044.) IV 28, 4 44844841
auferre V 681,16 (1701. Eue. 628)ἒ
440444 abrumpi, 10414 47 484,18. oepmri
V 660, 26 (Ter. Andr. 666). 7444111444.

48811818 bellum ciuile dum in 41044
partes diuiditur v 444, 4, 644, 44, cf.
14141,001,7110,468,Ζ,’44440471740144.44,0611.
80477) 180601800004784444404·
60146746088004. 440417444’18260, 88.
anellum ex duellum 0404440444οκ videtur.

444844 410114οΠ220, 7, 41] 288, 71.
006004644046011280,18. 006001 ΠΙ
867, 16, 666, 21, 617, 66 (bulmo) βο0·
μσς, 01011001 Ι( 448, 20. Cf. 640804
48844 mter legumen ΠΙ 688, 44-- bn-
44404 480441410411004441444 111 648, 88
(ubi later=444990⁰c 8064141411 Η447460 1. ¹
xvmp.431· 4440104474. 11344004 .Π1, X
00601060481041104). 0040104, 1404] herba
88888 111 429, 64. 444440 (),441044 ΙΙ
4, 69. κάλαμος Π 618, 68. 44410104),
14100 ως 64001140, (001 124) 7140, 18
441000 Π617,18, 111261, 89. 441000,
ἡ 44010104) 406 600100 40141000 II 462, 20.
06160 6000144460 Π261,6. 0616464446
καλάμου III 261, 46. 11114 (syrim 81041-
144) 111 668, 84 herba messibus noxia
uel (arundo) 40404414 7 284, 24044001.
)[40004 1470411444. efieu Ἢ), ),1104841440444804
4404144()4044)00,4414 484,18. harundo
(007 44410410)404 0461417481, 16, 7648,
64 604644000414440001444440414471401- ,

4104 (00040 Ι77); 7414 40441414 hm campum ·

ee 004, 0411400040 ponitur 01 pro 0(4 >- .
144400 aliquotiens 7 164, 80 Os. habene.

444044 mesusv.1‹311um

4440444 4440411040 lolium

400000 0 4004444400

4000108 cup 1044404 uel gaudentes 17
28, 29. 4001141604 medicantibus 17
484, 27 Subi audientibus 0041 Lem).

4004410446 0041.) 414( 4104000410 V
044, 04 (7014 440441)

40001040004140140041 40441, 4044000,
04004 enim 4044 dicuntur V 844, 7
(21700104) infernus (001 10104141),
1000οΑ010404 17 481, 12 (140044) 144104
00414 ,100044 (4441004114 codd) 74424.
100414 000 (a) d inferos 4104000404 041
IV 428, 40(= 7040 Aen Vl 118, 684,
VII 91) 10004 iuter Cumas et Ρο4001047
441,69. 4110000οΠ1287,12(44444101).4881·

 

