6111116111 6111111111 taberna 289

6111111111 1161 1111161111 11 4444 0111111161,111ρ1111166,14,614,
(61. 11111. 1144). 16661 1119111, 11444, 66 αἷμα 16168 ρον Π 642, 24. 11111161
11.6111111661,6661116111111118ρ111116Π (cruor singulariter 1411111111 declinabitur)
118,.2 4111166611,9Π24149, 111⁰,444443 16866 Π 888, 6 (61, GR. L. 182, 1,
489, 16, 608, 89. 4166196611 1ss 878, 66. 648, 8.) αἷμα mmdcssllm 66691116
61669 111144, 82, 888, 28, 488, 40. 616· IV ⁸44, 88, 224, 28, 486, 22 (17119 Aen
461666 61 111 166, 61. 8Π1106), 601, 61, 8696, 66 8111161.

0164611161 6611111 11 482, 18, ΠΙ 016661 σχοινία Π118,11(61. 6111661).
166, 68. ἀποτομία, 8194161, 6661861119 016666 1611611 παχύς Π 118, 16 (61.
11 118, 8. 01 6111116166 11116116611111161..)

0164616116111111611118661, 16 (Ver. 1461111111 II 116,12. 611611
Aen. 118881). 6164616661 6161611618βῦ 611161] 866,ῐήη(161111161166114Η669681..)67(
166, 66 (8119. ,4111811 1661), V in 616614 1611111666 66 spelunca
11161 crudesceret. V 496, 68. 16111161 peruia V 662, 8.

01141666116 166116166116 8661,1 11116111,111166 ominumPIV 626, 21 (111616
(cs. Orco. IV 10, 1, 1114111111. dc 16118 011 8861616111 11111161011811 420 661-
vir ’.,11) lato ..0116611916 1111111661161111), 1111111

411111 61111111 (6111111166 6611.11611111111118696,64.11611111111(16161661
corr 171116.)ΠΙ666, 46. 1 111111.11616611111111)8662,.8 8611161611.

01611116 dmm 1111411. 016661111611161111 111)111611111161 (1116-

611111611111616ρ11616461,1.1111164161) 11618, 8. (911116616άῆ6
8811611111 111462, 11. 61111161, 666911 1111116612 01. 6916 ctis 111111 9111116116
118, 4. 116111611111. 11111111,6111- 4111616181 Eliagre VI 18).
61118661,11,26(1118.116).1111-01111111111(1)11116611,ιον II 482, 68.
4111 6661 '',1111 49, 14, 61, 61, 26, Crurifragium 4444044444 11 462, 61,
186, 64, 188, 68, 266, 53 814, 871, 884,,8 60616, crurum 11161616 Π 676, 44
898, 11, 444, 42, 489, 68 01. Π 626, 6111411191ςῆ1616111616116616111161191661
4614691. cetum) 61646[11611]111661116616, 61116161. Ρ16111.Ρ6111.686).
1111168282,88(17119.Α111.869). V. 0161661 161161 1111616 4d 6111118186,
crudelis. 64 (8119 06619. 1qu 68)

0111111116116(66116668.11>11.α)6μο- 0111, crurum σκέλος Π 466,.1 6111
61166166 11 118, 20 (Ver. 111118Π890). 611161, 111191, 11 607,12. 111161) 111

6111111111’ μιαρ1ς 11, 11 san- 111, 14 4414 (16) 1161, 11 crura
96166166161 IV 48, 89, 601, 62. 614416, κνῆμαι Π 118, 18. 61111) ΠΙ 18,

01166111 66111116 V 282,12 (16111614 21, 88,30; 178, 81, 612, 19, 844, 78,
444 11666611) 6166112164( (cruenta 111 898, 8, 496, 22, 696, 66. 0444 tibi44
1111611111 661111)6111.1161 601, 22. 1116116111 IV 216, 29 6111116166 44-

01661116 ,1161111 ΙΠ11,22. 1116116111 16116111,61111111891161116111166 cruc,
611111. 61611116 Π220,66.1111116 416111111611161611161116118621,

0166111111 μιαρός ΠΙ 119, 6 61111- 60 (cf. 811161 Ρα111 68,1 ,9611111111
166166 ΠΙ 676, 66. ᾑμαγμένος Π 624, tibiae 8496696191 626, 26
16.1111191111611111118626,20(111191111161. 016114 11816611 11661116 Π660, 16.
6),8282,19.61661111111 ᾑμαγμένον 11691160 1111661116 ΙΙ 891, 42. 4494ss
11114. 1(’01·1.11 61161.) 11161111, 1ο6,11,141,11(11111111) 19111ςῆ
Π 220, 68. cruento sanguinolento IV 11181 8114116161 (6161111161 6611661111,
488, 20. 11111161 8146.) Π 118, 16 (14116111

0111111111 61111161 Π 116, 16, 616, 2 11111111) 6111166111166,11111111111
1666111111 Ρ161.814,7 6111111111) =V 96116111, 611 congelata aqua ucl cortex
69, 21. pern 911166, 1ο1οω(ε16116)8 11166111 uel duritia lapidis 8 818,18
282, 60. 1166616111 scorteum IV 826, (8119016191Π860).6161116161111111111
21, V 262, 66. 6161111111 11666111 IV 6116111,61111 quac non eduntur
41,’ 11, 1111, 1, 2611661601. 8661,11(119.11116111) plu
8611116ἾΡ111116 60,10. id 111 marmcnbuc (1.1116111111116) V

0166116111 1611111111 1v 626, 22, 8 666, 42 (11. 1616618116). 61116111,ἰά
694, 66. 01. 11111611 8616111 11 11111. 611 marmores V 448, 66. 61111111 cor·
p. 280. 8. rumino tices ,6111161161 18 486, 26 (8119 01619.

0166166111 quac acci unt illi qui 161111). V. 611111111161611.
uicem (661. ciuem) 111 be o seruant Pa· 0161161116 6666116661 ΠΙ 444, 46,
61116101188806116861811111111 111111οἳ 484011141444118141116144ιῖ817811171)116111111111
11111111111191669911116111.6161.8116,11(11116 111116. 68, 6).

061691611111161181 19

 

